22
37
844
762
921
186
368
897
174
713
601
254
778
670
841
578
629
723
140
566
652
974
781
830
598
495
736
459
703
848
187
343
916
366
496
499
133
877
687
613
129
996
584
479
282
928
627
581
100
330
383
561
231
687
543
295
411
697
890
341
264
8569
6964
3235
1516
2672
3649
8068
2269
9865
8080
2314
2894
4447
3106
5323
2796
3267
2078
6233
5054
3165
5719
5787
1281
1382
6932
923
9849
1464
4072
7161
6255
1579
9805
5935
1725
7274
1386
439
6235
312
4458
1448
5795
9477
2654
8706
9605
5720
2394
6112
8969
3031
215
982
1716
163
383
8442
2909
9484
7264
6544
5624
9769
7616
4114
3170
7846
384
8280
7047
6799
6987
6541
8947
1471
7123
3167
9176
8219
2210
4673
5061
405
6847
6645
9260
8756
9224
4235
4804
901
6191
2035
3360
2672
6066
2074
7384
5546
980
8122
4118
8186
4938
3082
2601
966
6165
9780
8234
911
6067
7673
7181
3537
7331
5162
8255
2146
8772
7966
6471
1401
1301
3229
5911
3382
5143
7619
4997
752
2369
2015
930
2139
5328
3638
4545
8861
8649
3759
1168
7950
5755
9937
3097
3813
7605
5878
307
1894
6456
7810
169
744
1363
8636
288
4482
9094
9465
934
6695
1711
8487
4935
7471
7440
4121
8490
1881
2312
9654
5528
2808
2112
7678
5282
2379
3814
9679
2774
2183
7022
2221
9822
444
3109
5481
4242
6020
2670
375
4053
292
4613
3909
7687
4882
3811
6499
4635
6835
8828
558
1227
498
6104
4765
5498
5090
8115
3194
7969
452
3872
2945
682
6337
7116
6064
3834
3791
2082
6645
1041
6541
7701
4708
500
8063
127
7410
7669
2220
3266
4916
1870
1012
2626
7275
6925
5163
1248
1809
909
3584
6230
6686
1935
1556
9042
891
6265
6224
1706
6576
3374
7909
9418
5648
6050
6541
9503
843
1169
1131
3947
724
9961
5882
7833
1502
4626
5389
7852
6806
2580
8240
7704
3961
8962
2050
6756
4162
7538
6204
1770
691
8406
6100
8089
3017
8492
5094
7365
2407
8842
665
2184
6125
9074
8972
3153
1156
2089
8878
6152
2683
1793
5169
5805
7514
3390
8279
2402
5053
3290
8736
8148
7976
2113
2672
9304
485
2879
6044
9642
3008
4876
8388
4051
4730
3511
9241
1857
1171
6682
5481
1981
502
2995
3457
8042
9891
9446
158
4579
2618
5236
3256
5478
4424
7951
378
630
8301
8576
3305
2127
1888
7546
2189
9124
7887
3815
8250
7834
2973
68
3071
5596
54
5393
8758
1406
9791
9727
7949
1059
7787
6938
1240
9524
7062
3836
2050
4139
2381
4013
8840
2001
887
6553
1090
3381
4636
7629
2886
7897
9892
230
5169
2944
9864
3539
701
7746
6938
6530
1147
5140
98
733
6115
3326
7856
942
9247
6183
6619
6955
7540
2343
6214
8754
3538
1430
3231
4834
7745
6615
2050
5618
3002
944
261
4369
1241
5563
2593
3012
3048
6481
101
492
5646
2616
3771
6815
1016
7411
5603
1849
7216
5752
2528
8534
4183
1885
8011
8380
7707
4718
2727
8240
7466
7032
8608
1195
5993
6535
3872
6413
5235
8805
7578
8876
6896
1690
7131
5330
9345
7267
7359
4608
7617
4018
2051
4958
1531
6154
9642
3215
5651
9166
4221
3572
1581
2026
1776
5621
7065
1856
9685
457
2369
4579
475
2055
7455
6364
9913
1911
5949
4901
9467
760
1596
5544
4356
2903
711
4306
9596
3615
3675
8521
1658
4145
2088
4853
4904
9784
6789
6016
4804
3873
870
1347
5104
5128
9708
2718
3881
7226
75
5895
1609
5548
852
6382
1495
7576
1965
4126
1325
2794
5679
464
8545
5886
4897
6357
4748
9902
6907
8481
5184
7814
8847
2604
3264
5584
7280
2334
1820
6873
7326
8716
1371
1918
6250
1915
6499
7690
6345
5828
1750
6826
1044
7411
9870
6427
4553
1826
3697
5375
3224
9602
8740
5134
4951
832
5055
9376
9347
3302
239
8554
8972
9112
1504
911
7434
1413
3607
4497
7562
4392
3767
254
6753
6445
1315
3851
8200
6789
7865
9802
5033
8031
9602
7278
7666
9384
5113
338
4210
1522
1610
5685
1165
7501
7717
9663
4091
403
1987
9436
8111
5703
2183
9866
3959
8269
6246
8618
4852
3035
5724
657
5754
3794
1215
3422
5065
277
1146
1061
269
3437
6427
216
7535
6411
4755
63
414
1759
242
5690
8053
2175
3803
4267
1259
7058
8561
7281
7805
920
9043
5570
1858
6910
2584
1892
9108
9739
8425
1898
1228
922
4633
459
1254
9693
7063
6002
854
7732
1534
2335
5228
8534
9514
6580
3816
5056
7419
4249
5202
3992
5605
7358
6659
4799
6282
9397
8114
2911
7608
1862
736
9345
3950
3931
7544
8605
592
4378
5175
7105
5608
6278
7154
8536
8539
1549
4232
9305
9307
200
7037
6356
4000
6959
3948
9903
1893
838
1474
8308
3790
9886
3225
3958
2083
8915
493
2455
5404
613
4517
5641
9102
9721
3959
1151
3855
6618
9218
8574
3808
5572
1505
1550
547
1853
8725
7741
8812
3233
3176
7999
8299
8196
5358
3646
2381
6322
2090
1729
6193
769
1124
6354
1026
1228
6025
1971
