63
76
315
345
249
991
976
658
103
113
258
579
706
776
112
227
118
803
311
787
785
492
730
770
298
993
769
890
345
768
707
883
828
965
183
826
557
862
624
314
479
601
126
441
451
661
155
920
757
536
584
508
563
258
643
356
602
329
202
890
405
530
274
970
682
444
163
286
288
973
783
760
180
636
435
946
748
660
720
188
379
375
361
638
520
643
576
852
208
657
566
467
582
719
922
433
355
694
162
758
180
316
974
357
407
869
151
434
557
548
342
795
307
111
501
682
414
499
243
766
488
390
848
934
676
818
328
623
868
205
915
668
586
301
736
588
295
838
877
563
968
3532
2879
3600
2811
1966
6313
5573
6331
7373
9852
7300
68
5621
6883
6287
6483
7234
6
8562
9997
6
265
3731
8910
9708
5800
5126
3075
5530
7034
5944
8903
5955
6080
8811
8473
1226
6234
6288
9246
2086
1730
8516
1073
6888
5577
5826
9565
9994
9993
1708
2226
3585
3096
6213
6821
129
649
644
9714
9479
9121
5928
3815
3301
2309
9419
9042
1566
3140
2819
2597
2459
5152
952
7885
9629
7459
9355
8020
1804
8909
9753
9194
8098
189
5437
5352
3935
9158
7333
9015
1643
8474
4232
6978
4828
8700
4735
5017
9031
9240
6749
175
8109
8938
8332
7207
3698
2881
3037
6189
8277
5115
7534
4444
9130
8963
5077
4671
1036
7197
1611
8157
6298
4337
8355
1573
4746
7207
8112
6717
6308
4698
8558
765
9190
2160
2029
3696
9835
2785
2840
4147
6161
5706
2905
4247
6860
2909
5473
559
5590
1727
301
2022
7468
7213
1030
6961
4729
2472
9847
1393
7808
2839
6062
5639
1683
2052
8192
809
973
3161
2870
8810
1458
6364
3511
4230
7220
3689
1738
1414
8379
8976
4164
9811
287
1044
60
961
1158
2121
8476
6281
5054
5582
1140
8021
4819
6386
2366
8208
7184
1379
5778
4359
3498
9657
8507
6350
3624
6897
585
4421
6080
5638
2133
3600
4909
1436
51
4854
2762
4324
4747
5923
5607
3849
2615
1406
8625
6406
9028
9288
3909
7296
2913
1762
2024
9543
4105
7313
1289
2806
4065
3269
1118
610
6724
5268
4882
8831
8405
5633
3261
8244
7700
2596
6872
5053
8798
3294
5986
3231
3765
1031
5586
670
7037
2610
7166
5700
3021
3548
7380
5677
5753
926
1278
4221
9436
1677
7814
9193
4008
9539
8725
1754
6374
9968
7972
8249
9166
5692
6146
9505
3704
7573
9860
4404
3023
2963
1142
4567
1986
1011
6490
2849
4120
5621
7343
1345
3468
7868
3708
4477
1637
6636
4554
9776
4204
6648
7427
6189
418
2674
9386
8469
1636
6800
529
4257
55
9696
5103
1538
6789
3460
3628
8348
1485
521
2527
8627
3460
4974
6031
7367
8868
1543
5982
8817
5982
5250
7999
2971
6505
8848
708
7854
5032
9765
8359
6505
1432
9868
4635
2829
4696
4612
4333
4770
951
9948
1114
5148
1825
9609
1746
9235
1487
9660
3402
6896
2791
1482
7208
3739
24
4352
6116
6361
521
5415
8477
779
8213
2964
5471
7901
4407
5908
7496
3821
8289
4986
9682
1365
3492
4328
4102
4894
1340
8244
3387
8582
3941
1368
5426
7856
3593
6875
7475
8309
4485
1983
1732
1314
1983
6159
6568
9580
3913
2043
2380
8937
6960
7669
8014
8311
6666
2024
6606
7010
5946
5699
7301
1624
8368
979
1244
3335
2564
4684
4314
7573
9693
5553
8527
7289
9858
7592
2221
8910
2253
6523
1042
7373
5845
7583
9253
8348
3602
1958
2313
3780
4507
4433
1514
8172
5938
2059
1434
5699
3291
5194
1688
9248
2133
3271
5609
2279
3099
6508
5959
5082
1749
4806
1876
7757
3236
4509
6618
1549
8441
5145
9015
3295
9716
9303
9080
105
9087
8241
9359
3233
3847
2358
7949
9095
4548
9797
6636
6854
7060
7174
5363
1236
5086
3098
1885
8499
4032
797
5055
1395
4747
2823
451
5845
5899
4795
1805
2318
3409
3614
9334
7432
3582
7988
5197
4991
3866
7799
8160
8444
2516
6684
3247
5930
7430
5489
5588
4588
1697
4201
8218
2050
191
8454
549
9650
2495
4486
1632
9177
5415
380
6664
3768
7974
4586
9164
818
814
6388
4278
904
9226
9196
6911
5895
7341
9187
8448
7976
2884
9363
9478
1889
5926
589
4829
7374
2708
4266
5786
105
2091
279
881
9418
7206
1843
1612
602
8671
869
9226
1744
3779
6853
8420
5157
5132
7873
7168
7549
2833
2761
5755
9463
3449
4924
4124
6719
1619
7036
9155
2925
6699
4577
9256
9696
3319
6854
6287
4026
1582
7144
1274
86
6196
4856
6594
330
1107
8166
8773
9552
9624
5900
4129
2311
3022
9080
238
8593
5008
8325
1167
3315
7928
3501
2348
3283
5690
6056
3209
9697
8934
2982
4581
4680
298
423
7925
7215
5998
1776
8347
310
2614
9794
4015
7051
1973
2815
703
8803
380
4370
7298
569
8143
6910
3998
9893
6042
8507
7793
301
2149
2863
6079
4653
7564
1996
6206
2838
406
740
120
8488
7772
8570
1717
5838
4490
8145
9321
7320
940
4248
8193
4174
9647
4482
4679
520
9830
3977
8020
2836
284
3731
267
4807
6661
8186
7580
3891
1967
5257
8700
8305
364
6777
7571
982
4693
8842
7127
2167
8561
3871
3325
1965
7415
6280
9406
8850
8467
3046
2819
4990
162
2957
3711
3665
7937
9543
8036
6743
8550
8549
825
6993
5815
8678
4070
7551
7441
9052
6669
5619
8215
1050
8433
1991
9172
8663
9872
2476
6461
4629
2605
6067
6785
5715
7967
3516
2448
7440
7997
3112
1789
2241
885
1064
307
1573
8735
6552
6368
5317
3300
4280
413
7876
8373
5092
7368
5506
8025
2975
1407
9008
6937
728
3045
8277
2227
4484
1385
3340
3659
5966
611
6874
4963
2832
3384
3390
9251
8397
5638
3179
7433
5138
4894
838
5275
2972
992
4689
5854
6914
7546
6634
9571
6216
3795
9110
359
6136
1348
4542
6501
1030
2839
8716
3374
5476
7114
4571
5956
3728
4374
2640
835
3858
4289
740
8359
8974
1089
1499
4323
4933
579
3171
6992
6802
1862
114
5473
985
5055
3733
2526
7684
5882
588
7596
306
359
4177
4533
5101
8668
5672
7535
8583
4912
3146
1972
7674
3602
8337
2893
8391
619
9261
7248
9997
1053
9282
2329
4909
8027
1363
4617
3331
2047
5971
3218
6724
9839
3693
6007
7618
2873
8713
3307
8951
9038
9186
1305
5772
4487
8155
8791
5978
2263
9124
7428
6122
2093
3945
4666
135
2543
1823
3809
165
999
9979
5703
5621
239
3480
184
787
7315
6322
1576
6248
3738
1983
3361
5998
6442
5795
745
2156
3352
9059
4901
731
1365
7701
361
1949
9555
6175
5005
7983
7492
8734
185
181
6236
2033
4919
557
7029
4141
4712
5672
2642
6963
9959
319
2957
160
9867
2835
3016
89
5006
2611
6983
3957
9704
6602
5656
6501
2980
9162
5862
4955
8395
3105
5978
9504
858
8021
8618
4780
8705
5617
6521
3840
2963
6626
7817
8549
9873
7416
7177
6563
3811
718
6050
9010
9777
8993
3282
5522
7561
3421
5795
8573
2762
4426
4821
1965
2719
8276
7612
8029
3377
150
7289
9907
3142
141
1419
2070
1331
8700
9973
8585
8132
6802
944
4874
8864
8
4773
4149
2048
5365
1299
7392
8885
4993
5149
4623
776
580
6515
7405
7289
1137
6032
4047
8914
7664
5701
7877
9702
3388
9430
6660
8034
6406
7010
6151
4871
1589
9081
7558
6672
5489
9350
6748
7299
9602
7201
3720
3547
265
6308
1625
3921
8681
3573
2143
2003
2483
2451
1344
1293
7628
854
7186
7474
7490
6067
6681
7305
1493
7872
9544
187
3654
3649
7844
1537
6904
1045
2172
1622
1009
5636
6977
569
289
415
7451
2480
5656
8662
9936
9014
6093
6289
5947
8515
8821
1746
4011
5342
7207
1487
8346
1233
4671
1020
3413
1836
5603
1784
5820
3370
8909
6779
8502
8896
7039
1736
9537
1355
982
8996
289
2991
5921
1554
8882
5162
588
2779
2895
5370
7423
4062
3473
7174
1506
5900
562
2981
6364
8230
1118
1907
369
2472
203
401
7818
7438
4947
1799
846
3225
9625
9665
1649
7360
2905
6097
374
4623
3506
1895
6461
3278
3845
5518
3373
2259
9775
4952
5906
3690
1874
4302
743
1997
9154
6037
5946
1101
3714
3255
4882
1253
8557
9811
8186
3320
7628
9751
7828
5933
8435
2697
3372
2104
1985
6593
9838
8722
4754
9592
916
3909
4578
9452
6310
8377
5369
2486
2727
6099
2804
8772
3722
9939
7265
188
7215
9745
296
2680
543
1320
4676
9383
6996
5896
8567
3739
8111
5796
2354
1593
1205
9423
1014
6547
186
4784
8238
4942
1844
5382
9359
585
9034
5243
1778
7638
2285
189
8828
6386
3019
2824
4008
4212
6027
1561
2130
4085
8738
5853
8061
666
8565
6994
6539
7733
7400
7032
2374
8433
1850
7851
9495
8433
477
4611
8451
3300
5641
6465
9662
359
6638
3585
4962
4162
5270
2231
86
904
258
7511
8863
1069
6500
8252
1121
7381
6881
7882
9077
3235
4657
6332
7277
9809
8481
4540
7758
2735
8180
27
7919
2001
8968
39
7105
1199
7883
9478
6923
7791
4789
5797
8537
6366
9877
7548
6593
5656
5779
4945
738
9045
3156
469
6702
6855
8653
3742
1774
2433
641
1378
4169
8135
3880
6707
593
3430
4534
8569
93
7623
8290
5570
9782
9242
1709
8883
6909
8488
2168
372
5149
4540
3374
8214
1745
8061
7615
2302
6694
4870
7667
3040
5626
7532
6408
2605
7777
825
6397
3186
6911
2473
4701
7997
3720
1923
1317
1903
2028
368
5569
371
9995
9048
6674
9793
1771
7785
8261
5065
1289
181
1288
9286
3185
8728
9397
9533
4341
7468
4421
9547
9413
3746
4434
4098
2631
1211
2514
1096
1029
716
3867
5567
804
7775
5541
561
5594
3023
4943
4013
3769
7847
8065
8031
1446
9896
4442
2526
8232
4128
4075
9881
7727
7080
2905
8462
7967
727
6262
4298
485
6797
8702
586
5187
1279
7707
6768
6725
7298
5043
5742
7656
3694
6354
4564
8895
893
3534
2592
317
7324
9801
2195
4888
7869
8075
651
8815
5241
7568
8361
3131
7855
5166
5045
627
6514
5077
4817
3260
8202
6764
3867
8883
6264
6604
5615
2780
8203
6582
3943
9671
5606
1324
5657
425
9653
207
1409
2810
4441
7377
1005
7511
4405
1186
9800
1350
2245
4945
869
331
601
3394
4791
308
1237
9825
3819
7037
5900
9459
2463
4609
4248
3365
9120
9638
8923
3420
4199
7750
6614
2507
8166
7452
8986
6382
4471
3597
5106
6358
1606
7654
7817
1422
3757
2806
7176
3059
6492
1444
5144
9934
6957
9919
7899
2782
7621
4669
273
2945
2313
1828
8627
9249
3686
342
9494
8102
2103
6038
25
1533
3870
6965
6804
2680
251
5349
8634
3398
9327
4357
7294
7784
358
1106
6215
3832
2057
3166
9853
7708
8580
1647
9943
3127
9447
142
8340
1710
3909
5128
2128
3426
8110
2800
577
6023
4867
9989
6815
3716
8491
4927
7269
9242
3386
310
195
3203
9154
3654
38
7812
8861
6701
9065
373
4771
1703
3173
5029
5716
6726
6216
810
5961
5207
8294
5098
8239
5294
1294
3502
6500
5919
9687
4953
2687
4640
4860
9333
5859
6642
408
1640
4630
4482
2956
7871
2764
7705
2080
2746
1101
6068
3162
2993
4285
6466
8103
8120
1330
4052
613
2037
7259
4073
8147
1177
5140
8645
7287
5416
1515
2164
2902
7679
9685
6242
1448
7443
1939
3931
5549
1519
5617
3128
9897
6607
4274
1696
7334
5522
6491
8425
1229
1030
8785
1202
754
7837
9972
7056
9806
8657
589
6112
8277
8324
5620
6642
7255
2035
3757
331
5095
4280
7641
9340
4661
1242
4512
3368
9705
2281
6479
4601
4115
7984
2894
500
3199
7080
6523
2992
1914
1057
3367
6527
6457
566
1376
1198
9140
7436
8722
4518
4363
396
9365
4844
5084
4048
25
9108
7041
1763
4924
171
7129
7802
4990
8209
2985
7636
9074
5882
5426
7570
7749
7489
2538
4198
6304
8688
5827
8248
3086
4932
3015
4546
1408
5694
942
7762
1235
5582
1715
3418
3847
340
2132
9025
7670
5204
7864
9451
8474
4854
8953
3479
3040
3465
8359
5011
3296
1530
7087
2136
4365
5927
9527
4742
5993
9481
9590
6258
5873
5804
6119
3484
3881
7083
3193
8551
548
2128
2701
6052
7893
4660
7844
3459
8698
621
6492
9055
4509
9716
2093
8819
8797
2330
956
3316
4665
2459
6993
8698
8516
2752
7734
3059
1264
7638
8723
6893
4874
4644
4588
9215
7289
445
1373
7750
26
7029
5579
2743
3595
6096
3857
3434
3177
674
6953
220
8864
7886
4851
9235
2276
1543
5556
4103
8640
1272
8466
3448
5694
4861
9804
3709
2495
2617
126
3613
1112
61
4485
3899
8374
1163
3587
7827
2185
1422
7536
6914
1609
4997
5447
629
6931
7006
3692
4117
5352
2826
1875
4875
6175
9391
4927
8483
8446
5001
5522
6007
7257
4819
151
7034
7240
630
6965
94
8939
1793
282
3829
1207
5519
8381
6428
1272
3819
1163
3165
5686
335
6401
3349
1692
9798
8575
972
2480
153
4890
303
3242
591
5877
8215
5175
3281
9577
913
7967
2265
8098
3882
1288
3393
7566
9341
1186
5243
3046
5207
2295
1739
9997
793
9935
6870
3378
2471
9039
9986
6777
505
5534
3326
7741
5548
5950
3907
6570
6552
3681
4478
2644
5729
9457
6843
8582
3137
9168
2201
8753
9067
5635
9955
522
5169
2915
5786
743
4972
6043
2557
4638
6721
6378
1517
9493
2783
1732
9167
9563
7459
7619
4826
3594
4678
9999
1726
3101
2241
6279
5574
11
686
1631
2450
2205
2286
1020
8871
8987
5096
3592
6958
9294
3454
4800
4663
5394
1432
382
3260
3915
6919
1505
7985
2233
5252
5095
7826
3908
3862
6118
93
8138
3226
8306
1437
8392
8188
8422
8601
3015
7553
6982
6665
3794
8859
1948
2732
9229
9022
1502
281
4056
4744
3360
4242
9661
3923
3169
5472
579
6416
5455
9362
1590
927
9708
7058
3953
2096
675
5752
2441
1529
8805
7590
767
7467
6990
2928
4737
2964
3648
864
5452
8593
7273
8246
679
8418
3961
1457
6599
4618
2380
621
6191
5365
5744
8751
8329
7689
2041
2343
1390
9988
5733
5126
8609
9601
9322
8244
3379
413
8641
7473
626
3016
1918
6687
6124
7242
7800
1698
743
8623
1289
4711
3869
9257
1992
5155
9793
8466
2617
7099
3745
2508
5157
5147
8083
3018
1085
3140
9983
4902
8314
956
9212
8618
4006
1835
4520
327
2507
8910
8306
1517
6492
8141
9111
8229
7471
2675
2187
8022
2328
1197
5110
266
9991
9931
9889
8483
3834
7020
2451
9605
4354
6178
8745
3814
1301
5270
5717
3611
6742
8939
9210
307
997
7738
7008
2580
6554
8212
2600
3897
6402
573
64
8467
3667
722
7050
2023
9212
9968
5945
5763
2485
1597
7138
7077
1876
3950
6607
8987
665
6115
8811
5071
5984
1504
1700
709
9200
6295
2309
412
256
3577
9529
1298
5918
8273
3465
7429
8688
44
8519
4218
1780
3827
7472
8986
424
2219
4209
2574
391
5629
8459
6897
7110
1634
4076
7466
8715
3921
4522
6616
6197
4541
4907
260
5853
4608
7124
9976
6941
3004
7704
8026
6282
2587
698
4496
1033
3342
884
7141
4697
5044
2194
9880
6747
5585
5165
5549
6034
8816
4440
3698
1724
1676
6782
1212
1654
3393
6253
605
4034
1471
5237
7219
2487
817
197
8012
6156
5534
553
7163
1949
9492
5840
5161
91
8721
629
8677
6244
544
1092
5474
7291
9681
6663
4414
5164
1645
138
989
7064
9992
3841
8998
2201
1142
678
230
2605
913
5313
9021
9037
6923
283
2270
9037
5030
9328
2518
3256
6528
4260
4473
9112
5184
8592
5737
8069
4900
6560
2754
5757
9462
2891
9001
859
1147
500
4580
5564
7878
1599
8567
2885
8726
7335
9358
5639
70
5417
2467
2826
4406
801
4941
1521
8766
2174
8430
9699
2735
4128
2950
75
1975
8325
9739
9600
2153
3729
8180
7841
6030
7083
589
4212
368
8786
1304
424
9221
4489
6483
4221
5084
2910
7372
3380
819
5784
2055
4845
9703
8587
8852
6065
3382
3293
203
6350
3196
1330
7829
2171
9902
6543
1318
4693
1412
4411
3472
6216
4671
1191
9780
7918
559
7851
8477
8308
1142
3716
8962
5707
1888
4493
3592
9794
8169
8751
7357
6935
9853
3902
1385
2011
730
1703
4036
4070
4966
1426
5479
2210
9592
6659
604
2902
4958
3592
8501
1204
3292
6848
9148
2599
7152
9597
4038
9497
1206
1907
8704
8569
652
9873
5760
9011
8277
5458
8549
2789
8109
2461
7289
2225
2349
9487
6476
6777
1464
611
1963
3693
5203
7899
3758
3279
2524
84
8176
8870
475
4037
8379
5150
2974
2677
7883
2662
5710
9858
1059
8418
2124
5609
1558
9942
4646
4303
1110
7783
3714
1227
6766
6529
9341
101
3269
8554
8239
8271
7875
9068
3645
7773
23
2870
4008
7547
1684
739
4133
8158
1959
3394
6131
2057
9472
7020
6850
806
7645
6933
8505
5658
1638
4099
1749
9014
1493
63
8024
3951
3135
7848
2746
8491
1465
6244
5113
515
9997
1602
3800
6188
4894
4536
7281
4692
9014
1731
5086
6014
4976
390
471
87
1800
2252
132
4600
3135
2721
433
696
7488
4662
1081
1408
6059
926
2913
423
6926
6421
1307
3562
4072
6006
7076
9411
9555
9111
5792
3463
2767
1273
7893
5570
8363
694
4045
5894
4217
1587
7167
8654
1932
8502
688
542
4485
9762
742
470
6901
7634
7986
6070
4768
3861
3378
1080
7597
4637
2196
5336
2661
707
8408
5708
6143
2086
3427
6173
977
6088
6293
3582
7251
1544
3992
6679
9097
7249
3263
1022
2778
2154
842
4779
4751
8667
4656
1534
250
7859
6738
8146
1599
4675
8479
7614
7564
4308
4936
4479
815
3240
1514
6944
970
1886
9995
7076
4146
7255
3384
460
2597
6862
8573
8436
805
8171
8223
1177
8784
1937
2886
2855
4577
985
9682
4253
1799
2185
5608
9469
2867
9310
566
963
2204
5628
970
9856
9665
5095
4202
6560
564
7996
3167
3664
2396
9817
9389
5888
5619
5562
471
1868
8557
1320
7277
1661
9423
3695
8996
5339
9379
8636
7456
675
3577
3221
3254
9642
740
2038
1516
4188
8482
4770
1374
9389
5298
6846
1794
8055
4570
8217
6676
6874
1544
2246
5599
9450
5360
5142
839
857
2419
305
7765
9898
1839
2909
2726
3338
869
5813
3474
3006
7733
5964
7418
1093
4129
4207
1163
5518
1470
7101
531
6476
4952
5162
5507
4301
4095
3070
6995
5835
4361
9576
7004
8730
246
5773
6469
8674
4347
8293
5050
6274
1601
1043
563
8660
1924
5081
5455
6528
7170
1239
2843
7820
3249
12
6298
1111
3059
2646
6062
4500
7636
4999
7834
3597
3975
9507
6281
7382
6504
4599
3962
4826
6095
1619
1156
586
6310
5992
7799
1643
9017
5708
9930
1687
5117
658
9651
9071
9654
2686
3336
3617
2980
6083
3490
465
781
171
9409
5810
7193
7618
1168
5061
5736
7736
3335
1857
4778
4405
3607
8701
879
8170
8963
62
1039
2809
9445
5735
2042
415
3979
2987
8694
480
4338
9713
2279
3392
406
7397
5298
1263
257
3102
7631
9311
776
5463
703
3910
2929
709
8843
9727
7344
4140
1111
5198
5298
2255
2218
8435
1798
3075
7114
6468
7870
2727
813
3377
2315
9648
5621
7455
6407
1274
2855
8427
8425
9473
22
6606
458
8620
1145
6619
1515
6310
5075
7262
6562
9609
8671
6291
6827
6176
5222
2249
766
1492
1619
5986
8160
8799
5355
6967
8863
986
9171
2234
8535
1180
5200
4256
2686
2019
134
8466
1842
4582
1845
4718
8182
7900
1223
4296
9912
6551
606
4488
1201
1974
6499
6650
690
5704
2063
4225
1511
5542
7261
3287
4433
8430
4826
5816
4254
8998
9798
6412
1836
645
6687
8952
2705
5041
4935
3206
6582
5432
466
6627
4820
2063
4914
7306
8958
6761
9311
5030
7116
7926
8385
1150
2783
9684
9815
8045
1645
5511
424
6192
64
9282
1563
4851
1303
2488
4476
829
3755
8402
7504
3209
6704
8174
3602
1384
7625
6731
8009
675
9875
1149
6559
1928
997
1369
682
4806
7791
8886
1651
7205
3947
759
8506
1837
8061
1237
3201
1405
1337
1416
112
1863
1831
6770
8978
8425
8353
2561
4211
5568
6343
6594
3143
9951
5553
3558
5236
3019
5116
9793
1718
5665
8064
8161
8382
6970
998
5857
783
7817
2521
1985
686
2997
1182
4290
237
2049
7396
7291
3121
1487
4756
3994
47
5507
4105
7391
6452
3052
2367
727
506
5553
6460
3237
8721
8819
431
8859
580
9241
7331
6216
9694
5630
6654
8854
4920
4302
7268
3425
5291
2528
1328
568
664
7312
439
7563
1730
2161
2846
6396
3921
8174
5578
8826
5156
4054
2012
7617
3442
3644
3203
5203
8545
9652
1806
6747
7758
7205
2415
9963
4847
7700
5546
490
2374
3203
1593
700
3363
4670
7853
7772
5406
3912
694
3300
3915
2455
1628
9257
2233
4173
4975
847
5751
9596
1662
5545
9769
8406
9871
6075
799
6286
5463
5473
7835
3080
2106
8299
9967
2213
4532
3770
7725
6577
7278
1749
2444
1023
9646
9534
760
5714
7419
9895
7896
2547
4522
3283
7388
8729
5262
5486
6434
1332
2314
8369
4253
7712
1627
5660
4660
7339
2872
4854
2622
3048
5585
7815
3451
9695
2988
3169
1579
452
676
2903
955
346
4909
6456
8122
9084
1527
6339
6649
7795
7041
8983
1867
6884
1092
9665
115
3752
6850
7106
5020
9020
6722
5576
2173
2810
3577
1295
4578
4463
9986
927
8849
8130
8302
2050
6083
8381
106
4294
1698
8743
113
9523
8465
9446
2656
2595
9656
7786
8656
3702
8398
9444
4392
8434
2874
972
1105
8754
5510
9738
9353
4621
3450
7412
4418
6874
7778
1941
3384
867
3335
9469
2388
1807
2635
112
3875
3044
8231
1878
2883
3620
9631
9530
492
9960
5874
263
3913
9244
3711
9244
4813
7676
9569
3568
4450
4635
4373
7010
3164
9752
255
8366
4391
5480
2211
9076
8757
868
1366
7035
7331
2653
3159
2612
1858
6691
2442
9815
2043
4165
3835
8117
5367
1658
792
6508
5539
3672
3094
6682
6157
8413
838
8361
7491
6551
5471
9582
5182
9088
3170
5879
174
6634
2358
4790
8302
4813
3420
283
3801
923
4634
9049
7772
6032
6537
4991
1853
3321
8458
6388
1186
4926
5534
8742
8802
3409
8729
4479
7776
1830
9906
9159
3403
4514
8892
3929
1031
2243
3920
8569
1390
280
3626
9341
9501
6565
3159
5848
9703
6168
4074
7746
7567
4781
5965
7237
6650
6435
3783
8994
8932
6405
6817
5275
3304
3729
7484
7490
711
4229
5443
6540
4571
9243
2533
3396
4569
6275
6877
7031
1979
5217
3927
6686
558
1439
8555
9114
6720
2209
6943
7660
8626
1913
8145
2747
589
160
6981
8931
6278
6547
8803
1822
6174
6934
4142
1096
8944
5614
8170
6210
7285
5629
3866
3382
5839
8463
9524
2790
5110
9082
2317
2990
1813
2023
7396
2314
2663
9464
3590
9444
5100
2692
4672
3625
8445
7684
9097
2759
9435
3242
9925
9725
1680
6414
1342
1453
8359
6956
462
5628
8692
2275
4074
1955
7232
5869
6542
5816
6121
9264
3278
3977
5333
2036
9416
490
898
3341
3275
5786
2567
2466
2862
7459
1767
4007
5730
2580
6459
8726
9185
6863
5890
1155
7501
5840
5257
5482
8112
6026
3461
420
4515
7385
1495
2867
8666
8626
5496
8149
3681
8883
4310
9061
6531
2568
4908
320
2231
2905
8442
5272
1250
1599
1308
5818
7738
4697
3294
982
7112
8063
6861
4390
4364
5894
1831
1600
343
9075
5302
4878
2777
3045
988
8592
376
6678
7408
4641
7322
4703
9099
4316
9060
3687
5659
5491
5818
4933
806
974
8630
8137
3050
5399
4547
3295
8134
3084
2170
413
1485
5167
4613
959
3541
6344
6336
5135
7353
3399
1400
1060
706
9311
4892
1608
4918
9161
9047
6353
1465
965
2368
1653
6712
1903
5903
6868
5494
950
5373
2472
8525
9201
7755
9666
3669
7849
326
4521
3468
5927
2672
2155
1819
9106
1836
8798
450
9025
7706
5317
8878
3137
573
8719
8649
6691
6695
5437
4729
7040
4083
3029
782
2494
5300
1847
3251
5815
8481
6873
7982
2427
4242
4806
2867
7103
515
500
7999
4168
4360
517
5016
1514
5370
8615
1107
1844
5888
4196
8973
231
8409
8499
2633
3877
2271
6234
8512
9182
5193
7385
412
396
3325
3671
7673
370
4358
8136
6697
7779
9076
8140
170
8959
5303
2609
3421
8168
5967
6671
6349
9176
4728
9793
5287
1144
9054
785
5225
7065
2483
6465
3555
7154
9330
5330
5924
2056
3014
1105
3573
499
2066
7728
1039
2204
1732
6564
5963
5753
546
5883
9173
4435
7214
2989
7732
2760
2556
2388
5434
5244
8515
9429
5718
426
586
131
7126
2523
1200
4274
8215
8420
5202
5855
6040
8744
4163
885
3301
3028
9233
7111
8552
9245
6295
5956
9119
2471
9845
1510
8757
8875
8594
3585
363
5946
832
7215
5649
3982
96
9386
6586
845
1491
7516
6652
887
743
6791
9928
7396
570
8603
8608
7448
6960
8110
657
5357
9657
1624
5551
1668
9779
8953
5070
7580
1622
5763
2691
1302
8316
9040
3527
8859
1549
4560
9101
8940
3442
1777
557
3923
4079
7757
200
9161
9749
6925
3331
8099
5179
2597
6338
6168
3733
3801
8265
9006
2080
1017
4235
3544
8774
8033
1054
4688
7195
7124
7373
5883
1863
3957
1247
1409
1918
5241
3653
3000
1978
3368
1332
8603
2505
1199
661
2819
2917
6016
8429
3089
8546
3707
3996
9676
6978
4086
6182
5305
9693
832
8808
7850
3083
8841
9896
4897
1428
6955
4178
9081
5915
492
8712
8063
8788
8682
34
3030
4528
83
332
6124
1765
6896
2691
1943
6548
4054
5862
1761
1137
1632
2700
9334
4491
1182
3714
2802
6189
6397
7376
6083
8160
6872
9888
913
4018
9768
3632
7541
598
7014
5239
2130
6632
5140
5933
9537
6195
9957
6029
2129
5511
8925
3608
8093
6192
1088
3643
9407
8547
1447
70
2605
1958
2156
5350
28
1073
1092
1268
1246
9641
4855
4100
2448
3063
5592
5872
7022
3989
2673
4804
8365
1927
8045
1876
2022
8076
1627
7947
9365
8691
7080
7974
9528
4522
3333
8523
5782
7190
9019
1972
4286
478
604
5502
5698
6774
1973
3512
8576
3958
246
3663
3468
1781
9954
1949
8403
7973
4553
4087
223
1744
5297
1362
214
6065
5181
3894
9622
484
8992
5749
1312
2032
64
8305
2293
9629
3658
9890
7280
5679
6017
367
4807
3625
6363
9117
23
2390
4217
705
104
9607
5239
3290
2636
9404
4137
6495
1808
9098
560
8572
615
6529
2138
5171
1357
9197
5506
3187
3670
2211
1403
9984
2104
8518
4301
5696
7491
6270
6695
7243
5713
4915
6987
7910
1960
2944
7670
7419
8655
107
689
1953
5854
3016
8378
6602
773
8624
6902
7336
8271
1587
3597
5703
6860
9041
4372
7423
3635
4585
5017
2559
6290
7037
5868
1519
2646
5995
7508
6750
759
4775
4544
2831
9423
5910
896
6516
2716
1204
6688
5576
2295
4344
2956
3249
461
9293
1140
7831
4677
3622
2840
7215
5660
2188
6060
3832
6319
7697
7640
9703
741
3535
6275
8483
3382
8891
9374
6326
7964
8261
3582
7211
6158
5624
7896
7999
3721
9741
7844
3138
5618
5282
1884
4006
6795
9004
2007
1818
7665
4502
3217
3514
8674
4618
1258
5232
9721
4269
4336
2700
4444
422
5749
7546
9316
4980
664
1060
3653
2638
4687
9015
3861
8266
4275
8378
3594
7575
352
8089
6270
2590
1106
8712
3014
1892
5907
7026
2413
455
6206
2127
9915
8606
5684
3145
4000
3355
7563
7425
8701
2481
3227
6802
8435
1935
4084
4854
9878
1679
2760
3909
3412
6481
6636
1339
3411
1323
7996
7526
4075
4465
732
7011
5582
2709
9415
4933
8995
8814
714
2113
2300
6667
8813
7025
8208
3551
7112
8966
4303
4913
1132
4043
3807
1710
6103
9414
2399
3969
6609
9947
8015
4675
8480
5242
8197
6699
1102
6622
4485
9273
4536
5145
1589
4600
1325
380
8623
9891
4496
7682
9712
546
2929
2957
8096
7366
3246
6264
5422
8506
6450
6378
8524
3789
9139
1333
7150
6382
4640
461
2262
7603
1384
931
2599
6415
7390
2971
8885
2585
9911
8825
6434
617
9844
9867
2203
7136
862
7835
8691
5733
1174
6494
1676
4703
6423
1104
4291
8742
8131
1641
7738
1216
275
3845
5885
7931
3324
6314
8102
9764
8811
7810
8639
7208
563
6667
8632
3864
9417
1765
961
3520
1740
4827
1904
42
3707
7779
2285
9730
5170
7592
8987
5687
2775
4078
1891
3557
5752
2487
5696
4989
8729
7256
7771
3110
5806
7975
6065
5942
928
7701
6784
1939
4243
6478
5732
191
3117
233
5258
2820
5665
4230
9589
2671
5569
8417
5950
7510
2678
6063
583
2593
6250
6247
2212
8266
3692
176
2039
7560
6246
318
2606
5141
444
798
5412
7841
5876
6877
3907
417
5345
9680
5102
4339
2159
8231
