16
20
186
175
256
278
209
208
159
132
251
201
224
172
217
241
274
1781 
125
208
101
108
223
103
142
168
103
196
185
143
172
158
123
184
188
167
119
2048 
409
89
459
412
53
224
153
319
214
94
369
344
465
207
406
269
203
495
305
181 
475
444
90
165
202
91
486
413
268
372
381
455
120
410
142
374
222
246
229
104 
101
56
495
484
443
114
255
140
411
488
337
155
98
112
464
472
363
415
237
236 
423
176
195
466
293
248
361
316
280
186
305
154
75
66
368
487
123
434
373
263 
382
260
484
252
369
388
284
149
180
317
180
191
386
152
207
447
143
111
321
357 
115
345
286
272
482
478
257
461
261
393
323
68
106
286
159
450
206
381
95
371 
477
100
180
168
433
267
133
163
220
393
262
188
430
368
147
473
169
71
347
84
324
116
405
500
197
432
156
138
111
206
407
448
296
344
96
69
102
418
163
239 
264
259
377
315
68
126
324
452
255
460
481
458
66
101
387
283
95
267
211
129
109
192
115
234
394
419
234
457
311
71
311
250
237
362
227
307
376
389
365
464
224
102
56
204
245
96
74
244
103
287
317
98
473
478
132
486
364
248
230
263
86
279
422
389
489
465
190
385
449
302
364
339
231
300
64
97
488
457
291
234
305
105
200
92
61
75
353
227
268
404
383
75
215
374
431
180
186
434
481
85
190
383
310
242
188
471
242
477
144
220
57
382
475
400
235
240
334
202
402
381
259
440
187
324
128
158
318
465
75
230
347
186
122
108
70
309
370
429
191
412
224
171
212
239
461
60
230
287
215
349
362
426
361
245
372
306
76
480
324
206
