16
8
104
88
64
105
68
93
85
64
93
64
97
105
55
109
81
678
100
180
123
116
204
160
139
931
486
373
347
373
55
196
328
295
424
313
429
374
377
70
213
434
206
153
91
115
477
297
393
327
467
190
57
420
392
397
321
254
171
82
386
380
271
280
355
78
105
186
377
496
466
179
366
428
147
208
366
256
120
255
241
424
353
479
193
93
100
428
299
476
276
419
245
447
340
327
77
202
443
465
201
254
113
394
295
137
419
220
74
171
438
364
289
249
116
222
309
333
246
126
181
331
495
320
338
409
71
486
368
260
400
123
424
470
141
61
382
364
136
192
322
153
130
498
178
377
107
491
186
166
475
69
134
208
