53
59
983
974
904
181
242
506
554
404
476
728
274
939
297
945
217
778
609
457
871
351
300
658
416
127
779
517
697
629
323
419
880
521
627
436
287
352
546
847
447
945
352
310
288
832
254
431
202
839
287
962
683
479
666
903
420
226
406
541
788
205
390
897
519
358
170
587
199
844
153
760
138
641
279
677
543
182
623
921
836
496
567
757
656
590
611
739
107
390
449
845
889
475
206
770
176
556
917
698
832
388
541
590
931
565
413
646
663
345
426
615
234
299
3647
436
3506
2900
5845
4386
2484
1434
1117
7923
8873
986
6224
5094
398
5985
7150
1896
9886
8033
9102
8591
9127
3691
3589
5943
7931
845
3669
2471
3721
5797
223
9231
9721
8407
1235
4555
3127
2264
8474
6373
8812
5795
1041
5105
588
3605
3038
6479
6919
9091
6819
1070
5623
3352
6470
5635
4850
7594
6488
5526
2448
8374
2947
4399
5621
9074
1014
3357
3081
219
9435
1555
2768
8513
439
8477
1239
8286
6155
9740
332
2144
4074
2575
9066
1395
6657
7402
6779
3882
7676
3338
2387
4710
2028
1151
8698
1691
4123
470
9726
3983
8113
2167
4843
3724
2002
7947
7385
9097
8857
5800
5927
2362
1085
659
6854
1017
2519
9919
2857
5802
2542
4636
7893
1031
8043
3631
8695
7025
4428
3147
1683
7214
6567
6616
1620
5021
8122
4190
7503
1647
1067
4597
2460
7031
786
3898
5287
4929
2133
6812
5617
6199
3935
2700
1205
4565
951
1283
9250
165
2901
1290
1897
7239
6398
3080
6561
6365
4127
8551
4215
5441
7434
6150
9672
9594
3082
2520
8390
1581
5539
6858
267
8855
8607
1385
9602
1
3138
3710
1345
1724
1062
3176
2592
853
344
5446
9487
961
3142
4233
2552
724
312
5152
9617
5437
9832
5281
2920
7944
5872
8042
2928
5527
6999
980
4420
4827
5505
2227
4708
4020
3055
9054
1408
9592
2958
1682
1824
7717
2552
1584
1616
3155
2855
9407
295
4722
8131
3026
3780
971
7302
1278
5280
8837
7788
3499
9698
1640
2156
5599
3420
5797
1870
5643
8464
3120
6006
1919
9766
5016
2193
9106
9561
3195
7517
3269
3307
8937
6830
6649
5460
5616
8842
4032
9150
688
1363
2138
5198
5794
2259
7171
4122
4160
5394
5429
7597
3395
8434
4096
8080
3256
2944
3558
2398
2191
3357
5079
1062
8074
9108
9750
1242
8314
9671
5598
6402
8693
3051
2257
2428
3565
8215
4631
2002
209
9848
7533
5720
4546
7504
6264
3758
7673
3832
9965
9556
9521
5409
9744
4807
8319
7212
7050
2891
6458
3204
7709
3886
7342
5270
307
9988
8386
476
9942
889
3657
8741
8101
9425
258
9150
6531
4166
2565
9073
5624
9024
2987
9660
9371
384
151
1569
9811
2557
9570
122
6882
4134
6171
8512
3190
1172
9714
6800
8627
5677
8377
3952
4370
1039
2910
7001
9667
8306
4871
4894
3367
9109
9901
2721
8739
2741
3390
4878
9729
3486
842
5336
2353
6883
2848
9868
5991
9378
4658
417
9043
3784
1098
1247
9521
5060
6634
1206
3681
4351
948
4972
6550
2421
8940
8106
9177
9925
4513
8666
3966
363
7258
9359
1598
9491
90
6467
5491
646
6338
8302
1281
2378
8241
5921
4200
6144
2732
1465
7444
3029
4830
6188
2936
8066
7441
2490
5349
8124
1937
4299
55
9460
4731
565
4323
5646
1500
9052
8337
7100
9279
8634
2871
7744
4381
9629
3073
4836
1018
5868
454
5178
2477
9558
3446
6704
6260
8149
8138
7131
5825
6080
94
1633
5198
4005
5806
2989
2752
6168
7141
6857
6222
286
5076
4758
2340
2031
382
5603
4397
3649
7248
8787
9866
2926
8238
3784
5240
6323
41
8839
6540
1494
5682
2818
4938
6921
8226
7281
9236
3648
6998
353
7279
6369
1918
5288
1141
1350
2296
990
7629
4949
5688
1962
7812
734
7883
309
207
464
5249
8506
4766
574
1567
4892
2555
3121
4960
8662
2913
8974
9807
3895
109
1969
2695
3818
2811
799
6173
7502
8305
6103
5915
3252
3832
6308
7131
6066
6772
9489
3274
808
8172
9715
2265
1883
2283
4392
6323
350
7345
9419
4548
2427
6293
265
5380
8026
1388
8563
9154
809
2338
4970
893
2905
423
8858
8571
7094
8423
3172
9544
1178
2953
15
2631
3215
2872
3697
354
8044
9636
5982
9104
7865
7626
618
8885
3557
1302
2103
9302
1156
7737
6135
6026
2083
9182
5457
5440
2854
1880
3503
1743
2213
9060
1136
1738
9901
6200
9444
1788
7581
7429
7524
8416
229
3707
1305
6880
1234
6211
1254
8248
9855
2761
3878
7830
6230
9605
1562
550
9074
5303
1249
4134
2969
2910
7560
5312
4093
2778
7822
6071
203
633
8949
7296
2271
5840
422
7524
1621
2755
5097
9431
2259
2682
7457
1715
2553
5411
7588
9757
5007
9600
5458
7011
529
1493
9336
1395
7375
7071
4138
1500
6933
7073
9557
9965
5497
969
7603
6455
8818
9407
473
4731
1000
8664
2438
2006
9834
2294
1903
4087
6150
9168
3210
9747
2746
3700
4300
3792
4515
4895
6035
1454
9912
376
7406
8351
3442
3040
7924
3749
7316
1866
9585
4271
723
3312
5476
2952
5395
1451
6525
2913
2724
6725
6485
7814
9395
5021
3435
9547
9521
7203
4087
7230
6978
3767
7911
6674
9566
6103
1159
1721
7960
302
9509
4751
3551
434
5100
755
1574
5879
7267
3111
2198
2848
8951
2477
4142
6551
402
4307
6353
3987
4025
2242
4390
7849
8633
2436
114
4560
8665
2208
3141
4006
2172
8424
4919
7478
4518
1701
5580
2672
8980
3950
9346
8239
9329
6715
1581
9653
3441
5571
6058
9848
2808
9484
5240
4942
7270
1588
8836
3936
1112
3245
3027
782
8252
4851
6773
6302
1599
2511
5339
9138
1157
5516
4157
4891
8491
5503
685
6683
648
6991
7964
1810
2907
5210
4541
1818
632
3801
1199
9154
4622
4591
4726
474
1647
5516
4903
1270
1909
7386
279
461
5313
2825
3465
7054
8043
9658
4147
6400
6354
3198
1856
3561
7076
5583
6860
9004
1170
4691
1200
4588
5947
3713
5523
8790
1993
1356
5211
5098
1385
5562
9072
2360
3802
5189
9035
3856
8629
708
8293
1978
2909
2615
9777
1968
3485
1703
9165
1026
3997
9237
6399
9141
1517
5216
4667
7487
9396
2609
4891
746
3401
2903
5280
9992
713
8117
9581
2857
2897
2586
472
5241
8803
7149
6582
2877
7561
9394
4010
987
4416
3836
8653
2748
4974
4961
8127
4109
2884
6686
3248
1103
6218
5393
7328
3029
9315
5509
611
8578
5802
9861
2048
7452
7030
9559
3943
814
3599
7478
8105
1956
6446
393
220
5165
5137
838
7966
1124
1238
9827
919
3989
8317
1936
9376
3514
1056
6937
4584
2235
2736
9096
4194
4217
7586
9732
704
8630
7696
4626
4294
1298
5940
6042
4615
1932
2984
8564
579
3635
4833
1519
2273
578
7424
8904
5655
78
4389
3621
5300
1984
9610
8023
6054
461
8007
1036
7784
4061
6070
4986
370
650
2268
5570
3977
3567
1009
799
7762
4967
1441
4497
4424
2738
3836
7663
922
145
1941
9058
7445
2179
9312
9675
8098
1141
4587
2108
5154
5570
8057
2780
8862
7214
6274
2156
936
9329
8052
5632
6220
9264
2982
2504
2828
119
18
1725
2340
3081
5468
2269
928
8345
2451
5185
8721
9754
3460
9718
6172
4120
7793
5670
3915
6785
7500
8110
805
7074
5152
2151
5997
7569
9364
5111
3550
5612
6917
7883
8867
6127
748
8638
6039
4592
583
2136
8572
3321
4513
7899
1117
3571
8808
3893
9218
7838
6675
3456
5147
4708
2092
1712
9431
4466
6856
1790
4177
4060
7707
8861
9224
7757
9875
9518
9599
3325
5970
3309
3586
3489
5598
7800
9171
2878
2559
2101
6823
3785
2336
110
6062
4657
2822
8161
7804
8148
9716
6354
8827
10
8802
8304
7779
9815
3900
6251
7743
7906
3290
4332
3869
4592
3903
6503
7453
8913
7940
7409
9792
4182
7663
4466
7982
1665
582
4362
7731
8516
9671
1120
8672
9322
8943
1260
5961
6981
6098
730
3668
9245
7608
339
5411
8678
4373
7970
9505
3762
5568
5035
99
8118
3615
1878
4051
4107
238
5206
128
8291
1472
996
7450
1613
22
9487
894
8786
1318
5977
9223
1537
9790
6805
8854
3154
6386
6978
7912
7756
9900
3328
7532
5061
5976
9459
7371
5754
9337
2677
5298
1664
5281
46
6966
4687
1005
7689
5880
2383
1367
9873
8984
5891
9681
7956
5741
516
26
9915
8872
4579
7357
7398
4695
9087
8074
7564
5835
3289
5779
8049
2709
162
4253
8344
6222
4392
5756
3032
8669
1989
19
115
100
111
8832
4976
3367
1402
1626
2289
1009
715
1484
964
4027
678
6768
2030
2910
3556
3200
7899
206
6302
1796
3760
217
8968
1554
3138
4602
1825
4473
4625
5589
8559
2646
6795
2781
3832
6403
8410
5213
4838
7016
8469
6811
9607
1899
6371
8156
9082
7715
4664
3667
8005
5886
8076
2271
7242
1335
9867
9614
6246
7058
2803
6863
4094
5623
7018
2489
2258
157
9371
5803
4858
4904
7934
2160
6974
5941
8186
2495
2301
4734
1239
5087
93
2534
1677
3746
7951
7284
3047
4622
5395
9567
9217
6010
9058
5009
7446
6662
2529
2727
2189
817
9933
583
8149
7654
1959
7943
6605
8708
5720
8112
8068
471
471
5723
5003
2511
4876
548
2337
6907
8900
8861
6464
6022
2048
6428
1865
9180
817
4892
4258
9656
8950
3913
7150
5160
6823
3488
3699
6559
8850
3133
5066
8549
505
3894
3179
5349
5468
6585
6895
7212
350
7085
3792
7578
5218
7631
753
9822
5274
5458
4505
971
2544
1655
9870
3741
9249
2355
3508
8047
999
4268
4547
8157
6597
8209
8939
2298
5228
7123
7874
7276
5569
383
2352
8262
7648
2214
8022
8349
7302
6937
4921
1570
4056
6237
3752
3421
1183
584
5587
3651
5777
222
8384
3221
4934
3115
1280
6186
5544
5558
5314
9420
2198
9810
1150
5703
6343
2858
2155
9275
9384
1775
327
3721
5472
7378
6017
5303
8986
4737
6528
8623
5397
1566
1331
1605
2062
5405
7694
5314
8264
172
7217
2949
8304
1281
7026
6258
59
7587
2215
7413
244
8830
7473
941
9160
7251
6749
2416
9629
5610
1738
8077
8062
9082
7125
8104
1048
4145
815
1026
7404
4924
4945
91
5174
8824
2339
8607
6643
9879
8806
6092
2327
8567
904
4812
2595
6386
9995
8910
8398
4201
7690
1302
4447
3356
8790
3537
1781
5440
2432
7105
9998
8838
8599
4979
1229
2838
226
8433
1405
4675
5758
1919
3166
4995
7312
3345
2985
9417
630
8143
8774
2374
799
4705
5781
9078
2384
2969
7336
293
4223
5546
5980
445
2568
5458
1123
8852
1263
6721
8092
7341
4911
5040
8920
1615
3131
4116
9653
4806
1243
4315
2043
5295
2712
5172
8149
5026
3898
856
8418
3879
5713
292
3489
5258
4099
5736
8574
7115
3117
9792
6335
5075
7832
3586
8717
8966
325
4438
65
4511
3357
1003
4162
9993
3387
781
534
5113
862
7139
9248
1341
5341
8390
2641
4258
619
3229
8509
9768
4370
6516
8836
119
2832
6111
8488
1249
5233
5597
3942
3292
3813
5396
7034
2181
8374
63
530
1717
6409
6811
1620
6631
4522
3978
4973
9504
992
5449
1453
8819
9497
3112
3092
8821
305
7474
6346
257
5561
6563
5334
6821
3277
3456
3927
2301
4976
619
2766
6560
9898
1846
4798
1305
4342
7769
8119
9099
120
9438
7049
6506
9710
1392
6360
9930
5049
9975
806
328
8934
5831
5483
8983
8378
6720
3197
2017
1645
6776
821
4722
3082
2046
9401
6325
9545
2003
3412
9782
9900
4603
4183
8839
9029
1222
4713
2830
6746
8406
7918
3766
755
187
8196
4206
1508
1958
5882
2407
2901
9990
1562
2948
2162
9842
1074
8496
9655
8886
1974
1102
2028
1360
1334
2050
6980
1777
1072
7798
4227
6160
3692
6902
2996
7545
287
6614
9488
991
2459
8014
6752
9909
5948
4943
301
8955
3616
355
5251
6652
7812
3970
6783
7621
5285
3960
2959
3012
2364
5919
4570
7195
6059
6190
5515
8660
2379
4029
993
839
3392
8038
5341
8322
3190
8414
8755
2017
463
8282
3666
6449
3222
2688
7716
9999
9516
9627
2520
9061
237
3397
7507
8654
1647
1531
3338
5805
7396
2477
6306
150
1013
5087
2500
1471
5262
7134
5031
6832
9679
9212
5676
3445
7049
2933
3748
7226
2626
6643
7076
9378
3961
2735
7455
1840
7710
7190
5478
4213
3141
8161
5899
7885
3670
4715
8144
1148
1476
4639
925
8303
2238
8715
6111
7438
2435
8932
4734
9194
1971
1170
293
6892
2553
6330
3473
8660
4368
7697
6882
4859
3660
192
8470
9153
7514
6012
3450
8579
6894
4425
7445
1252
9937
565
8232
7149
3885
2878
6707
5327
2740
8203
6913
5600
7622
5976
8626
9970
5503
8818
5552
819
3590
2162
7449
3513
8887
8914
6641
2762
4230
7335
1154
1179
4549
7916
26
3285
3538
9471
7685
1320
2820
7420
6269
9994
958
7600
570
1954
1701
8864
9658
7733
7578
587
9673
7263
2826
7493
8887
6772
1445
2472
3098
1968
8215
3252
5261
5451
2748
6767
3009
3119
8284
9600
5341
4358
7260
9832
5215
3991
3156
9263
1312
2695
4244
2215
147
2516
5125
695
2120
6195
6873
9174
8026
7781
3302
8919
7302
7353
1129
6061
7844
134
4255
5752
2745
1623
5817
4477
5778
3966
6046
6201
7240
7883
325
2499
7969
7931
2238
4879
6833
4911
8762
9597
3294
5303
2801
1766
8731
2048
6682
6944
254
8791
2717
7707
182
6442
2817
1830
4497
9855
3031
5231
2784
6912
8232
9526
6297
7042
1655
7000
8341
4490
1812
1404
1473
8950
6221
7875
6185
7893
7433
3548
6135
956
8597
768
3299
6327
5174
4345
6586
5033
4545
892
3169
2609
6671
4981
3080
2998
4675
6179
8984
1747
3577
6763
2272
1535
735
4475
9007
9441
9136
1146
3391
9513
9868
665
9824
3481
5822
1988
2571
5484
4406
8082
8565
7562
7635
2156
3999
4556
3654
9971
3185
5048
6055
9247
5196
4682
504
2256
9275
201
2057
7552
2042
3509
315
5253
2638
5184
402
9422
5039
9260
6445
5809
2354
2189
3867
9480
4716
1274
6843
8008
4590
1039
7010
858
8046
4892
5536
7776
2563
1944
6058
8779
1226
4511
4983
9264
2923
7064
9500
3281
8793
4966
2585
1552
23
667
3788
9846
7994
3933
5656
4659
9086
3122
5385
9593
3126
2287
8428
1054
5052
3414
6634
5421
8050
6686
592
5411
5942
4460
4610
5128
7395
2618
101
2175
3957
2081
4366
1690
8941
8941
2405
9856
7230
305
9170
9781
8690
5365
9364
8144
5102
3392
2118
6544
5664
9005
9623
9748
4421
5829
2065
2833
4062
3807
7812
2808
70
1919
484
6815
2136
7518
3208
8789
5162
1506
5091
1844
2783
788
5767
2839
6059
8629
3396
8758
3768
2703
8283
7610
4432
5480
9468
5004
809
1273
6141
260
548
4555
5624
1612
7568
2327
2612
346
7229
173
3997
2995
277
9095
1702
2510
1542
6386
2685
9500
2431
2371
9212
6362
3618
8666
5599
8172
1280
5776
9598
7175
5768
702
8167
6069
6298
5313
3031
3603
976
6479
5272
8619
5415
1915
6594
9266
8430
6763
9281
1581
2641
2832
7267
1007
5309
8658
8256
3762
3079
3051
8860
7547
2455
3511
536
7958
9014
880
5399
1620
3289
2892
4366
6879
1213
6602
6944
2156
5004
5755
4571
8919
8915
3062
9645
4876
3221
2234
2454
4310
3045
8580
9612
332
7568
6571
6461
4312
8547
4496
9187
8288
1381
3435
2265
7286
2366
9396
806
1704
2328
4716
3273
9329
3326
4926
2604
6097
8212
5153
3339
156
2748
3196
7593
2735
5012
1667
6789
3819
701
381
7749
7697
1802
4561
7973
960
7084
9152
185
2909
1919
7562
9481
3434
9988
2452
1085
5031
8745
6479
9330
7162
3436
764
7136
1052
7900
3742
9091
8156
4258
9525
8059
8200
6633
6072
9476
7646
5620
3509
2820
9309
1765
523
7870
562
4544
9115
7550
455
4965
8962
9730
4792
6340
3708
1107
6994
9658
4479
5090
9075
8202
8406
4606
2101
2781
5431
6159
9637
8172
3777
5484
5629
5495
156
4492
4960
417
9576
5553
3195
2939
561
7364
6396
6129
9698
2440
6754
487
2785
452
3257
1893
8187
7654
2810
5397
1430
8558
1114
8111
5709
6091
6326
331
5660
2319
1381
9826
1803
7195
2527
5384
9883
6424
2166
4436
7443
5995
3097
1592
9264
3591
3338
3338
5344
1275
9916
7758
4066
2616
8136
1500
9932
9058
4624
7959
7662
2021
9527
5330
5795
630
6515
9678
8673
4
3107
5320
1047
1943
7417
2338
888
5996
5093
1004
2413
4070
1905
4004
1929
6298
9310
5782
8791
7327
9902
3221
7263
2943
3149
8044
5037
4523
7911
3689
7923
8401
4532
8458
5360
6975
2477
2862
8858
9084
9737
6173
8147
9227
4990
7967
3205
6328
2136
8440
950
2611
9614
4560
1096
4699
2938
9080
8934
6050
1092
3822
2739
5964
5956
3029
8025
5896
4169
9547
7484
662
6112
3019
7601
787
610
7334
2411
2074
6578
3491
5987
2116
5782
7351
8012
8076
6385
8622
532
8443
3882
7243
2826
2318
3019
1147
176
231
7050
4447
1573
6821
5014
2960
8177
2088
2717
4212
7459
6761
4890
5555
8108
4526
6863
4615
8550
7039
6118
4623
5964
4513
5713
3511
3657
8922
6057
2038
1756
1828
4510
7759
3919
2431
7689
6899
1649
4179
6566
1455
4382
7410
8436
9628
2616
4454
3697
2875
8366
7597
1425
3347
7821
9009
8589
7344
2683
4544
6261
2177
5995
6186
2450
2570
9775
2359
3508
2964
6113
2510
9079
635
5986
4605
8208
7656
9692
9843
6571
4085
5725
1144
8848
9732
9834
105
3269
2006
8683
6508
5060
2091
3580
4968
6496
9933
4661
4568
7451
2058
7690
9307
7492
1364
3407
5516
3058
890
1866
2609
4550
4783
4787
679
2844
1959
4121
380
9872
4068
3372
3181
8388
7537
5116
9658
4723
2957
3028
5115
3118
7840
3939
7467
1539
5528
2396
9841
4780
2898
9031
1787
3833
4455
9960
617
8042
4651
1636
8148
3585
9506
9259
3957
512
899
986
5716
9845
415
3215
7470
540
2161
7752
6790
3678
8199
6594
911
7101
718
2011
9665
4645
8525
9663
326
6745
3738
1041
8795
3614
3989
5527
4666
7959
5657
9533
535
8644
1119
3377
7069
6420
2156
9521
7603
5132
7816
5020
3962
5535
1229
8515
4578
822
567
9713
1851
6358
5398
3815
9832
4550
3370
9097
4406
4770
1435
7770
8375
6865
8430
8044
8656
2412
8209
2653
8006
4454
5606
5547
4095
2190
112
6898
6753
3119
2372
8112
7672
5408
5552
1058
1897
7520
405
7933
4147
9848
7920
6468
8413
4120
9381
8871
2141
7660
6921
6553
5119
9445
3155
3714
6005
2675
950
9012
6705
82
5991
3230
4356
5033
3496
1604
7573
8119
4173
2795
4882
4374
8685
6280
6542
8780
3534
2754
433
4852
2947
3047
9461
3156
7681
5216
9563
9435
9300
8577
1768
8677
2500
7058
3799
5483
5941
1468
4327
8164
743
2312
5328
5734
9529
8963
5739
265
437
7024
